1000
6107
6840
4759
9224
7354
660
7222
7024
8751
5437
823
1591
1881
1009
7136
6414
7587
6852
1959
9950
8068
495
92
6650
7219
6139
7033
4705
2159
1406
5528
2200
4815
9445
3414
1688
5893
7267
1575
1939
120
745
9706
4749
2290
1623
1022
2313
8103
9281
3877
3969
4695
8597
6696
9066
6086
28
795
7511
3530
8799
83
8605
9044
1021
9173
5879
2451
8074
4272
5146
6005
314
62
8572
6064
9902
1399
8577
768
8733
7527
998
9809
8503
2081
4258
960
9494
2564
1017
2029
2198
1053
8003
1412
4679
6428
653
8652
8545
8187
5150
2478
4743
5517
1452
5146
3742
4
6495
1607
1488
8422
7159
5563
4268
9504
1722
474
2993
699
1105
4817
5547
334
1827
6885
940
1812
3234
6551
4095
8656
5205
9035
345
4702
2917
4682
4832
7196
6572
1765
2305
2617
5242
9450
6509
844
2938
2220
852
4104
949
7790
5509
2287
2422
8320
2195
804
910
2477
5004
2406
5016
1988
4231
9562
2559
6854
3116
1335
8526
3039
3977
2248
9801
6633
1329
446
3067
9533
807
3300
1023
3884
5308
967
4114
925
1013
9429
1033
1495
8737
8629
7967
1073
1994
2584
2802
7047
2329
6638
1295
9584
3311
4460
3754
9311
8625
6812
2019
7479
8003
8278
5702
9234
9193
4590
449
7795
1834
1486
2091
4634
2086
7909
2195
5609
1097
7872
1670
4917
4464
2552
3030
5135
684
5244
2855
2883
9317
912
619
5168
2224
646
6657
1481
2436
5533
1418
8844
2041
2391
7100
7201
98
6063
2282
37
877
6234
4484
6088
8073
2685
5562
4083
9415
1136
1223
9790
2580
7874
7212
2369
7894
7021
1162
7001
5796
8634
8996
4638
5355
2568
2981
6003
1614
7530
2030
3917
846
5631
466
455
4427
342
5477
3173
1929
1984
7506
8440
1382
6984
1052
5666
9611
2865
6552
6442
9362
5664
6073
866
5671
5754
1180
1047
961
1982
8917
1929
7923
6262
601
3884
1358
218
3038
4269
3594
2645
8720
5977
6949
7228
3381
7835
1082
1421
1299
3652
8709
9780
3056
8336
7062
6228
1514
6614
9028
4948
2409
1104
901
4407
2546
973
7723
2241
7725
4355
1649
2359
4713
8280
4294
4518
1886
8467
6185
2006
1171
6751
438
6608
1265
208
5471
4350
3864
5720
2191
2723
6721
6364
5979
9659
179
3363
7866
7731
1002
2767
743
9836
8165
8271
6692
4460
702
2275
6208
1718
2000
2594
2172
1467
6772
1993
8715
3793
3708
117
617
227
1444
7747
6766
9385
9590
3125
2690
7705
5245
6728
163
5406
124
6532
3972
6824
1487
9092
7081
964
3522
4006
8096
5534
9329
7093
322
3236
9360
3061
8267
2076
3692
7646
1509
7033
8625
6605
4124
4570
3118
5815
9374
9940
3398
6224
8689
8305
6808
6636
9369
3465
1
8083
5114
752
7904
6794
155
207
1963
6543
4588
9815
7024
805
3097
6596
7966
1649
2351
8735
2661
4724
4175
9318
235
939
7185
5296
5681
4979
1050
6251
1301
3425
3921
457
3449
9201
1023
11
1028
1292
2821
1916
4216
5392
1826
5377
9428
9307
8580
9230
9434
6039
8847
1037
9107
5773
2364
1116
1874
6547
1972
6900
2887
1831
9006
2145
597
5841
7605
4031
597
6772
9997
1009
4492
854
8167
3992
9355
7665
5043
4786
5446
1928
4005
368
7927
93
2620
477
5603
4418
7695
3532
3053
6607
3112
241
5962
5060
1989
4195
3077
3951
5869
4960
3524
5600
8929
833
7995
779
7763
3824
6383
9678
442
3128
3597
9236
4598
6091
764
8489
7346
345
2929
5327
2776
7168
2609
5856
3673
2975
9244
8069
9516
3024
4504
4854
6631
373
7356
1443
8252
6162
2686
7235
6358
1211
9695
4506
1508
6527
8773
9312
2997
9317
3705
1536
21
8438
51
9583
4023
8924
1634
4798
8275
8617
6000
6192
130
7627
582
6720
4584
1311
1244
2125
9056
7059
4323
4247
7582
5584
9191
2559
4129
8504
7711
7514
664
7564
5318
9943
4583
8369
6687
6849
7738
388
6869
7846
3993
924
6417
6873
3084
1247
5391
6997
6017
3655
1187
5539
2540
1222
9096
3486
2094
9272
4569
7045
4313
6681
820
8528
8770
3719
8139
135
7288
8376
9645
400
1893
9135
5365
6439
1107
9339
7681
9618
4896
7296
9590
8662
5429
8330
6481
5236
5651
7999
9505
5416
6063
389
6483
2052
176
5157
8094
7608
7334
2318
545
2325
7677
4444
4602
8690
7026
5882
2649
2878
5222
357
8899
8167
5249
8723
4091
6075
969
9909
7806
3884
338
217
8685
6809
4264
8947
5953
8188
6539
8876
538
6142
4298
2347
8600
5633
244
868
5742
2015
8394
222
4084
111
329
1146
1116
9385
8855
8000
3127
2442
1516
1852
249
2521
9443
1897
2250
9530
7360
8876
2574
563
420
8885
1896
782
3951
1217
9930
2927
8757
356
2944
6518
21
6805
430
902
1990
4122
1958
8119
530
3446
5983
2954
7688
1360
2050
8028
508
2838
4983
6652
6578
641
160
3615
4059
778
9092
1092
2527
7534
8879
916
9164
5534
2423
1484
8765
5130
3618
1150
2111
7311
4375
8069
2224
3535
1554
4344
3256
976
6380
7824
2413
7511
9130
653
5809
326
1860
7110
3327
9076
5353
8336
9159
9628
5633
9874
1141
3961
4723
502
9241
7152
8665
1873
7074
6862
7024
5111
5596
7668
9060
9849
3276
8240
4604
8848
2697
4798
7778
6703
2190
5614
1430
7012
4125
8312
3347
4399
2326
1326
5793
2182
3160
4672
3005
9032
4743
1398
7558
1232
4079
4217
1769
6381
9160
1043
7984
2192
9242
1593
3910
709
2019
5557
6238
2214
279
7737
836
4044
3559
9553
4644
2631
1669
2968
6299
9328
4071
2206
5083
4045
6282
8856
770
8965
6392
8520
9036
7877
989
2271
5464
5090
5895
6160
7273
5183
9324
8215
1518
4609
7329
442
1924
2561
5288
2063
1131
4898
9609
3198
2662
1925
8036
9512
7703